(
L03639.1:0.34091,
LN875550.1:0.40455,
L03640.1:0.39545);
