(
L03639.1:0.24372,
L03640.1:0.21991,
LN875550.1:0.65628);
